0 0.657500 0.296484 0.517500 0.461719
1 0.698125 0.816406 0.046250 0.057813
1 0.767500 0.675000 0.065000 0.053125
1 0.758437 0.523438 0.051875 0.067187
1 0.690937 0.562891 0.043125 0.055469
1 0.578438 0.490234 0.049375 0.036719
1 0.664063 0.828125 0.030625 0.045312
2 0.609688 0.828125 0.086875 0.107813
2 0.630938 0.751172 0.095625 0.103906
2 0.552813 0.766797 0.064375 0.116406
2 0.845000 0.640625 0.106250 0.192188
2 0.863125 0.748047 0.066250 0.163281
2 0.766875 0.846484 0.105000 0.089844
2 0.545625 0.640234 0.100000 0.185156
2 0.643750 0.630859 0.130000 0.180469
2 0.756563 0.750391 0.154375 0.110156
2 0.746563 0.615625 0.123125 0.148438
2 0.667500 0.517188 0.073750 0.104688
2 0.603125 0.528125 0.080000 0.062500
3 0.211562 0.210938 0.223125 0.276562
3 0.231875 0.481250 0.226250 0.268750
4 0.321562 0.741406 0.285625 0.318750
2 0.830313 0.524219 0.088125 0.093750
2 0.830313 0.822656 0.030625 0.060937