0 0.661563 0.298828 0.501875 0.474219
1 0.541250 0.541406 0.092500 0.068750
1 0.578438 0.838281 0.055625 0.051562
1 0.616250 0.811719 0.086250 0.076563
1 0.556250 0.794922 0.037500 0.052344
1 0.639687 0.746875 0.050625 0.095312
1 0.734688 0.792969 0.080625 0.042188
1 0.753750 0.746484 0.095000 0.049219
1 0.618125 0.635547 0.046250 0.094531
1 0.578438 0.664063 0.028125 0.045312
1 0.858437 0.567187 0.034375 0.046875
1 0.804688 0.621484 0.030625 0.080469
1 0.745000 0.556250 0.073750 0.078125
1 0.664375 0.572656 0.053750 0.042188
1 0.579688 0.583594 0.064375 0.043750
1 0.622812 0.578906 0.025625 0.040625
1 0.764687 0.581250 0.071875 0.051562
1 0.832812 0.550391 0.063125 0.033594
1 0.663438 0.651172 0.041875 0.041406
2 0.649687 0.868359 0.098125 0.066406
2 0.730938 0.852734 0.093125 0.074219
2 0.878750 0.745703 0.053750 0.164844
2 0.869687 0.639453 0.066875 0.102344
2 0.827812 0.615234 0.026875 0.111719
2 0.822500 0.530469 0.077500 0.046875
2 0.881875 0.566016 0.031250 0.061719
2 0.681562 0.577734 0.074375 0.064844
2 0.787813 0.683984 0.073125 0.078906
2 0.819063 0.789063 0.095625 0.135937
2 0.822500 0.710156 0.081250 0.067187
2 0.728750 0.644922 0.107500 0.099219
2 0.680000 0.611719 0.050000 0.040625
2 0.565000 0.746484 0.070000 0.052344
2 0.523750 0.763672 0.035000 0.113281
2 0.676250 0.807422 0.082500 0.027344
2 0.721562 0.774609 0.113125 0.041406
2 0.538125 0.598437 0.055000 0.059375
2 0.547813 0.658594 0.088125 0.098437
2 0.643750 0.725391 0.102500 0.122656
2 0.714688 0.712109 0.076875 0.047656
2 0.875625 0.514062 0.056250 0.051562
4 0.341875 0.758594 0.236250 0.304688
3 0.311563 0.472266 0.220625 0.288281
3 0.216875 0.225781 0.218750 0.275000