0 0.813684 0.346711 0.065789 0.062895
0 0.814474 0.408553 0.065263 0.060789
0 0.795921 0.559342 0.085000 0.088158
0 0.726974 0.709211 0.087105 0.088421
0 0.662632 0.761053 0.087368 0.086842
0 0.502895 0.809737 0.085263 0.086316
0 0.342895 0.773026 0.087368 0.088684
0 0.220789 0.661447 0.084737 0.087632
0 0.197237 0.583947 0.087105 0.086842
0 0.193026 0.422237 0.087632 0.084474
0 0.285526 0.303947 0.066842 0.065263
0 0.343684 0.284737 0.065263 0.064737
1 0.803289 0.478421 0.090789 0.085789
1 0.761711 0.633816 0.089737 0.088684
1 0.582237 0.782763 0.087632 0.090263
1 0.423421 0.790921 0.086842 0.089211
1 0.283026 0.717500 0.089211 0.089211
1 0.194079 0.503421 0.088684 0.078421
1 0.244474 0.358947 0.088421 0.087895
3 0.439211 0.228816 0.055263 0.065000
3 0.540789 0.204868 0.049474 0.069211
3 0.653684 0.207237 0.054737 0.070263
3 0.748684 0.256447 0.062105 0.067105
2 0.395263 0.257500 0.087895 0.096053
4 0.492763 0.219342 0.075000 0.090789
5 0.595921 0.207763 0.063947 0.076579
6 0.700395 0.233421 0.084474 0.092632
7 0.778816 0.302237 0.094474 0.088158