0 0.305658 0.233553 0.065526 0.066579
0 0.275132 0.285658 0.065526 0.065000
0 0.194079 0.415132 0.085000 0.086579
0 0.232237 0.658816 0.089211 0.088158
0 0.336711 0.786447 0.084474 0.083947
0 0.500921 0.803816 0.083947 0.085000
0 0.648947 0.740000 0.087895 0.083684
0 0.801447 0.544605 0.084474 0.085000
0 0.795132 0.388816 0.065526 0.063421
0 0.780526 0.331184 0.066316 0.065000
1 0.796974 0.460132 0.089211 0.083947
1 0.755000 0.614211 0.088947 0.087895
1 0.712237 0.683158 0.089737 0.087895
1 0.577368 0.777105 0.087895 0.087895
1 0.418816 0.795263 0.083947 0.088947
1 0.276711 0.726842 0.088684 0.087895
1 0.203816 0.579079 0.089211 0.083421
1 0.200789 0.497763 0.088947 0.082368
1 0.233816 0.343026 0.088158 0.089211
3 0.708421 0.247763 0.059474 0.065000
3 0.614079 0.193158 0.059737 0.066842
3 0.509868 0.166711 0.050789 0.069737
3 0.402763 0.183158 0.052368 0.067368
8 0.743421 0.287105 0.094211 0.093158
9 0.661842 0.221842 0.086842 0.087895
10 0.559868 0.181842 0.075000 0.089474
11 0.456711 0.176711 0.071842 0.085526
12 0.356711 0.208026 0.082895 0.087105