0 0.251591 0.648600 0.066099 0.063621
0 0.284227 0.700033 0.066926 0.065686
0 0.382550 0.820458 0.086755 0.089234
0 0.631248 0.799802 0.089234 0.087582
0 0.748988 0.681236 0.086755 0.087582
0 0.777906 0.518880 0.086755 0.086755
0 0.710155 0.368504 0.086755 0.088408
0 0.535404 0.190449 0.090887 0.090060
0 0.384615 0.146245 0.064447 0.067752
0 0.322647 0.143766 0.064447 0.067752
1 0.453607 0.167727 0.088408 0.090887
1 0.594068 0.249525 0.091713 0.089234
1 0.650665 0.309014 0.089234 0.089234
1 0.741965 0.443279 0.090060 0.089234
1 0.761738 0.599757 0.089197 0.084915
1 0.693235 0.742472 0.089910 0.090624
1 0.550521 0.815613 0.084202 0.089910
1 0.468817 0.832739 0.084915 0.089910
1 0.319324 0.762809 0.090624 0.090624
8 0.277936 0.181604 0.083488 0.084202
9 0.226916 0.268303 0.084202 0.070644
10 0.221207 0.377480 0.074212 0.069930
11 0.236549 0.483802 0.084915 0.077779
12 0.252961 0.588697 0.079207 0.066362
3 0.231554 0.210504 0.067789 0.056372
3 0.217283 0.322535 0.070644 0.049950
3 0.222635 0.432068 0.071357 0.046382
3 0.255459 0.534822 0.068503 0.046382