0 0.116765 0.223000 0.212353 0.348000
1 0.106176 0.121000 0.139412 0.084000
0 0.301471 0.217500 0.210000 0.335000
0 0.491765 0.222000 0.209412 0.316000
0 0.678235 0.207000 0.216471 0.344000
0 0.868824 0.202000 0.207059 0.336000
0 0.865294 0.502500 0.208235 0.315000
0 0.682353 0.510500 0.215294 0.321000
0 0.493235 0.509000 0.208824 0.318000
0 0.304118 0.514000 0.209412 0.320000
0 0.118235 0.522000 0.209412 0.326000
0 0.122353 0.818000 0.209412 0.332000
0 0.307941 0.805500 0.208824 0.327000
0 0.495588 0.803000 0.210000 0.330000
0 0.684412 0.803500 0.211176 0.323000
0 0.868824 0.800500 0.208235 0.327000
1 0.240588 0.256500 0.049412 0.203000
1 0.440000 0.229500 0.063529 0.205000
1 0.705294 0.301000 0.124706 0.102000
1 0.802353 0.211500 0.050588 0.215000
1 0.891471 0.551500 0.106471 0.153000
1 0.620588 0.485500 0.054118 0.209000
1 0.473824 0.589500 0.126471 0.091000
1 0.258529 0.474000 0.081765 0.196000
1 0.151765 0.597000 0.114118 0.106000
1 0.868824 0.779500 0.100000 0.175000
1 0.705294 0.865500 0.118824 0.105000
1 0.503235 0.711000 0.126471 0.078000
1 0.294118 0.700000 0.125882 0.074000
1 0.159412 0.740500 0.101176 0.149000