0 0.130294 0.202500 0.206471 0.335000
0 0.317647 0.203500 0.203529 0.337000
0 0.505294 0.220000 0.207059 0.318000
0 0.693529 0.211500 0.208235 0.331000
0 0.879706 0.217000 0.205294 0.336000
0 0.878529 0.520000 0.205294 0.324000
0 0.692059 0.513000 0.210000 0.324000
0 0.502941 0.505500 0.203529 0.331000
0 0.314706 0.503500 0.211765 0.335000
0 0.129118 0.502500 0.212353 0.327000
0 0.127941 0.795500 0.210000 0.323000
0 0.311765 0.798000 0.204706 0.326000
0 0.499118 0.801500 0.204118 0.327000
0 0.688824 0.805000 0.207059 0.328000
0 0.873529 0.815000 0.209412 0.338000
1 0.153824 0.312000 0.120588 0.076000
1 0.304412 0.315500 0.126471 0.081000
1 0.568529 0.223500 0.047647 0.209000
1 0.742941 0.227500 0.049412 0.217000
1 0.896471 0.245500 0.049412 0.211000
1 0.155882 0.580500 0.115294 0.101000
1 0.310882 0.505000 0.114706 0.136000
1 0.529706 0.572500 0.111176 0.131000
1 0.693235 0.425500 0.130000 0.081000
1 0.885294 0.482000 0.115294 0.102000
1 0.921765 0.825000 0.048235 0.216000
1 0.737059 0.837000 0.064706 0.204000
1 0.525588 0.709000 0.115882 0.106000
1 0.357647 0.820500 0.044706 0.203000
1 0.144706 0.830500 0.122353 0.075000